0
12
13
21
25
26
31
35
49
67
82
87
88
99
119
126
128
139
140
145
148
149
159
161
162
180
185
197
206
208
216
232
238
248
259
260
262
266
267
268
271
282
285
286
302
306
317
336
373
375
379
390
394
396
406
408
410
414
415
420
421
427
456
467
472
477
481
484
489
495
497
521
532
544
554
556
562
568
569
570
574
576
583
586
618
652
657
662
663
689
694
695
699
720
723
738
739
741
753
768
775
777
789
797
802
808
811
813
818
825
831
850
854
869
870
872
876
877
883
893
897
898
903
908
911
914
919
929
965
976
981
989
992
993
999
1005
1007
1008
1024
1033
1038
1039
1041
1047
1056
1070
1083
1087
1093
1094
1110
1112
1126
1141
1142
1144
1147
1163
1170
1172
1178
1180
1191
1199
1203
1211
1218
1223
1227
1240
1243
1260
1270
1285
1289
1293
1296
1304
1330
1342
1343
1352
1371
1373
1376
1378
1388
1409
1410
1412
1423
1433
1441
1451
1462
1471
1474
1475
1477
1479
1481
1482
1488
1528
1538
1544
1552
1554
1560
1577
1579
1584
1586
1592
1594
1597
1645
1647
1651
1658
1670
1673
1676
1679
1684
1691
1695
1712
1726
1734
1755
1757
1764
1765
1778
1782
1789
1804
1818
1819
1821
1827
1829
1832
1852
1856
1886
1913
1915
1918
1950
1960
1970
1989
2011
2023
2027
2040
2045
2053
2056
2067
2082
2087
2098
2106
2114
2119
2127
2131
2132
2135
2136
2140
2161
2163
2174
2177
2185
2186
2189
2194
2196
2198
2199
2204
2206
2221
2252
2260
2265
2271
2274
2291
2292
2311
2337
2339
2347
2352
2368
2375
2390
2395
2404
2417
2437
2451
2463
2466
2470
2475
2480
2490
2492
2494
2497
2498
2503
2504
2512
2520
2522
2532
2537
2541
2548
2550
2557
2581
2587
2590
2591
2598
2603
2632
2633
2646
2647
2652
2655
2662
2665
2667
2671
2672
2678
2691
2724
2729
2730
2736
2747
2756
2758
2764
2765
2774
2778
2782
2797
2805
2818
2821
2823
2827
2844
2848
2854
2875
2882
2883
2888
2901
2902
2911
2913
2938
2942
2947
2963
2974
3013
3014
3015
3031
3045
3048
3049
3052
3053
3054
3060
3075
3090
3092
3097
3110
3112
3115
3136
3137
3139
3164
3165
3176
3182
3184
3190
3196
3198
3212
3219
3233
3237
