1
2
5
7
10
12
13
17
18
20
22
25
26
28
29
32
33
36
38
41
42
46
47
48
49
51
52
54
55
58
62
63
65
67
68
69
70
71
73
74
77
79
82
83
84
86
88
90
93
98
100
101
103
104
106
107
113
115
116
117
118
121
122
123
125
135
137
141
144
148
153
155
156
160
161
164
165
166
168
176
177
181
185
186
187
188
192
195
196
197
198
200
202
205
208
209
210
212
213
214
216
219
221
223
225
226
228
229
230
231
233
240
246
247
248
249
250
252
253
255
256
260
262
263
264
267
268
271
272
278
280
281
283
285
288
294
296
298
301
303
306
308
314
315
316
317
320
321
322
323
324
325
326
327
329
331
332
335
340
342
345
350
352
354
355
357
358
362
364
366
367
368
371
372
374
375
376
383
385
386
387
389
392
393
395
396
397
399
400
403
405
407
409
411
415
417
421
427
429
432
435
436
441
443
444
445
447
449
450
451
452
454
457
460
463
467
468
471
472
474
476
478
479
480
481
482
483
484
485
487
488
491
492
496
498
500
501
502
503
504
505
506
507
508
510
511
512
513
514
516
519
522
524
529
530
541
543
548
554
559
562
565
567
569
570
571
575
580
585
587
588
591
592
593
594
595
597
598
601
602
606
607
610
611
614
618
620
621
622
630
632
633
635
637
638
639
640
642
643
646
649
650
652
653
654
655
656
659
663
664
666
668
669
670
671
678
680
683
685
686
690
691
692
696
697
698
699
704
705
712
714
718
720
721
722
724
726
727
731
732
734
738
744
745
747
755
758
759
762
763
764
767
770
774
777
778
782
784
795
796
798
800
801
803
804
805
806
811
812
815
818
821
824
827
828
829
831
833
835
839
841
844
847
851
853
858
860
862
863
864
866
869
873
874
875
877
878
879
880
881
883
884
885
890
891
892
893
897
899
900
901
903
904
907
909
911
912
914
916
917
919
923
924
927
929
932
933
935
937
938
939
940
944
947
948
949
955
958
959
961
962
965
967
968
970
975
978
982
986
989
990
993
995
997
998
999
1004
1005
1006
1008
1012
1014
1017
1018
1019
1020
1024
1025
1027
1030
1031
1032
1033
1036
1044
1049
1050
1052
1057
1058
1059
1060
1061
1064
1065
1066
1068
1069
1072
1075
1076
1078
1080
1081
1082
1083
1084
1085
1088
1091
1093
1095
1096
1097
1102
1104
1111
1113
1118
1119
1120
1122
1123
1125
1127
1128
1129
1130
1131
1133
1136
1137
1138
1139
1140
1142
1145
1149
1152
1153
1155
1156
1159
1164
1166
1168
1169
1171
1172
1173
1174
1176
1181
1182
1187
1188
1189
1192
1195
1199
1206
1209
1210
1213
1215
1222
1226
1231
1232
1236
1237
1238
1239
1242
1243
1244
1246
1247
1248
1249
1250
1251
1252
1253
1257
1258
1259
1264
1265
1266
1268
1279
1280
1286
1287
1290
1291
1292
1293
1299
1300
1301
1305
1308
1310
1315
1318
1320
1324
1326
1328
1330
1331
1332
1338
1341
1343
1344
1347
1349
1351
1352
1354
1355
1362
1365
1366
1368
1369
1373
1376
1377
1380
1383
1384
1385
1386
1393
1394
1400
1403
1404
1408
1409
1411
1413
1414
1417
1418
1421
1422
1423
1425
1427
1428
1431
1434
1435
1436
1437
1442
1443
1447
1448
1449
1450
1453
1459
1463
1467
1470
1472
1474
1476
1477
1478
1479
1480
1483
1484
1486
1487
1488
1490
1492
1494
1498
1500
1503
1508
1510
1512
1513
1514
1515
1516
1517
1521
1523
1526
1527
1528
1529
1530
1531
1532
1533
1534
1537
1539
1541
1545
1548
1549
1550
1552
1553
1556
1558
1560
1563
1564
1568
1569
1571
1574
1575
1576
1580
1582
1585
1589
1595
1599
1601
1604
1612
1615
1616
1617
1623
1627
1636
1638
1645
1646
1647
1648
1653
1655
1657
1658
1659
1662
1667
1671
1672
1673
1674
1675
1677
1683
1684
1691
1693
1694
1696
1697
1698
1701
1703
1705
1707
1710
1713
1714
1715
1716
1725
1727
1728
1729
1735
1737
1744
1745
1750
1751
1752
1753
1755
1756
1758
1770
1772
1773
1778
1782
1785
1787
1788
1789
1792
1801
1804
1808
1809
1810
1815
1816
1817
1818
1820
1821
1822
1823
1824
1826
1828
1829
1832
1834
1838
1846
1847
1849
1859
1860
1862
1864
1867
1869
1873
1874
1876
1877
1878
1879
1882
1888
1889
1891
1892
1894
1895
1898
1901
1903
1905
1906
1907
1908
1910
1911
1918
1919
1924
1925
1926
1928
1930
1932
1934
1936
1937
1938
1941
1942
1943
1945
1946
1948
1951
1957
1958
1961
1965
1966
1967
1973
1974
1978
1979
1984
1987
1989
1991
1993
1997
1998
1999
2001
2002
2003
2005
2007
2009
2012
2017
2019
2020
2022
2023
2027
2028
2029
2030
2031
2035
2040
2042
2044
2045
2047
2048
2049
2052
2053
2055
2056
2059
2060
2063
2066
2068
2069
2073
2076
2079
2081
2082
2083
2088
2089
2090
2093
2097
2102
2105
2106
2109
2111
2112
2115
2117
2120
2122
2123
2124
2127
2132
2133
2134
2135
2137
2141
2143
2147
2151
2152
2153
2154
2155
2156
2157
2160
2164
2165
2166
2167
2169
2170
2173
2174
2176
2177
2178
2179
2181
2187
2189
2190
2191
2192
2196
2199
2204
2206
2209
2216
2218
2222
2223
2224
2225
2228
2229
2230
2232
2234
2236
2240
2241
2242
2243
2244
2246
2247
2248
2251
2257
2258
2260
2264
2267
2269
2273
2274
2275
2278
2279
2280
2282
2284
2285
2286
2289
2292
2295
2296
2297
2302
2306
2307
2309
2310
2315
2316
2317
2319
2322
2323
2324
2325
2329
2331
2333
2335
2341
2342
2344
2347
2350
2351
2352
2353
2357
2358
2359
2361
2362
2364
2366
2369
2375
2376
2377
2380
2383
2384
2385
2386
2388
2393
2394
2400
2401
2402
2405
2411
2412
2413
2414
2415
2416
2418
2419
2420
2421
2429
2430
2431
2435
2439
2441
2442
2443
2444
2446
2447
2451
2452
2453
2456
2458
2459
2460
2462
2463
2464
2465
2467
2468
2470
2471
2473
2474
2475
2477
2480
2481
2483
2485
2487
2489
2492
2493
2494
2497
2500
2502
2503
2506
2508
2509
2513
2516
2517
2521
2526
2527
2532
2534
2535
2541
2550
2553
2555
2560
2564
2565
2566
2568
2569
2570
2572
2575
2576
2577
2579
2583
2584
2586
2587
2590
2593
2597
2599
2600
2602
2604
2605
2607
2608
2609
2610
2611
2612
2613
2614
2615
2619
2623
2624
2625
2626
2628
2629
2631
2632
2634
2636
2640
2642
2650
2651
2654
2657
2658
2660
2662
2666
2667
2668
2669
2670
2671
2674
2677
2678
2680
2684
2686
2687
2688
2689
2691
2693
2694
2695
2698
2702
2707
2708
2709
2711
2717
2724
2728
2729
2730
2732
2733
2734
2737
2740
2743
2746
2747
2749
2752
2753
2759
2761
2768
2775
2776
2779
2781
2787
2793
2797
2800
2801
2813
2816
2817
2821
2823
2825
2826
2827
2830
2833
2834
2837
2842
2845
2846
2847
2851
2854
2855
2859
2860
2862
2863
2864
2865
2866
2873
2875
2880
2881
2882
2884
2885
2886
2888
2889
2892
2895
2899
2901
2902
2903
2904
2906
2907
2908
2909
2910
2922
2929
2930
2931
2932
2933
2934
2937
2939
2940
2941
2943
2944
2945
2947
2948
2955
2957
2958
2960
2970
2973
2976
2977
2978
2980
2981
2983
2986
2989
2990
2991
2992
2997
2998
2999
3007
3009
3010
3011
3012
3016
3018
3019
3022
3025
3026
3027
3030
3036
3037
3041
3046
3053
3055
3057
3058
3063
3064
3065
3067
3069
3071
3072
3077
3083
3084
3088
3089
3094
3095
3098
3101
3108
3111
3112
3113
3115
3116
3117
3121
3126
3128
3129
3130
3131
3132
3136
3141
3143
3148
3150
3152
3158
3161
3164
3168
3169
3170
3178
3181
3182
3183
3187
3189
3191
3192
3194
3197
3198
3200
3202
3204
3205
3206
3207
3208
3210
3212
3214
3217
3218
3219
3220
3223
3227
3232
3233
3234
3235
3236
3237
3240
3242
3244
3247
3248
3250
3252
3258
3259
3260
3262
3264
3266
3268
3269
3271
3272
3274
3277
3278
3279
3282
3284
3285
3286
3289
3292
3298
3301
3302
3303
3304
3306
3307
3312
3314
3315
3316
3317
3318
3321
3322
3325
3331
3332
3336
3337
3338
3340
3344
3345
3346
3348
3349
3350
3355
3361
3362
3364
3372
3374
3375
3381
3387
3389
3390
3391
3395
3397
3401
3402
3404
3405
3407
3408
3411
3414
3416
3417
3418
3419
3423
3425
3426
3431
3433
3434
3435
3437
3439
3440
3441
3442
3443
3447
3451
3452
3454
3456
3458
3459
3460
3461
3468
3469
3474
3475
3476
3477
3481
3483
3485
3486
3487
3489
3492
3495
3498
3500
3502
3505
3507
3516
3519
3522
3526
3528
3529
3533
3534
3535
3538
3540
3542
3543
3547
3551
3557
3558
3559
3562
3564
3570
3573
3574
3581
3585
3588
3598
3599
3602
3603
3605
3610
3613
3614
3616
3617
3621
3624
3625
3626
3627
3629
3630
3639
3643
3645
3649
3653
3656
3657
3658
3662
3663
3665
3667
3669
3674
3676
3677
3678
3680
3682
3683
3685
3686
3688
3689
3691
3692
3693
3694
3711
3712
3713
3717
3722
3725
3728
3731
3737
3740
3741
3743
3744
3745
3747
3751
3755
3756
3757
3759
3760
3762
3765
3766
3767
3768
3772
3775
3776
3777
3781
3782
3783
3786
3788
3792
3793
3794
3796
3797
3801
3808
3809
3814
3819
3822
3823
3824
3827
3828
3831
3834
3840
3841
3848
3850
3851
3852
3854
3856
3858
3861
3862
3864
3865
3868
3870
3871
3873
3876
3879
3880
3884
3885
3886
3887
3892
3894
3896
3897
3899
3903
3904
3908
3911
3912
3918
3920
3922
3923
3927
3928
3929
3930
3931
3932
3934
3941
3943
3946
3949
3951
