8
59
94
109
113
171
196
218
228
235
246
254
271
300
315
323
343
352
364
376
391
399
401
432
433
439
442
451
483
529
534
541
546
552
556
577
579
589
591
624
630
632
655
666
696
726
727
733
744
753
773
777
797
802
816
820
831
886
888
905
910
911
937
947
973
984
985
987
1007
1031
1067
1072
1083
1094
1114
1130
1142
1159
1174
1222
1226
1242
1243
1257
1270
1274
1301
1374
1391
1414
1418
1424
1436
1476
1492
1511
1531
1536
1538
1540
1543
1549
1566
1567
1583
1604
1612
1644
1675
1680
1701
1713
1717
1746
1766
1769
1806
1824
1836
1841
1850
1860
1895
1925
1930
1942
1962
1966
1978
1979
2002
2021
2059
2061
2064
2087
2094
2102
2108
2140
2154
2207
2235
2250
2259
2317
2319
2333
2338
2348
2355
2367
2377
2403
2413
2469
2476
2520
2532
2537
2572
2575
2581
2582
2616
2640
2642
2647
2656
2677
2699
2702
2731
2734
2782
2787
2793
2810
2828
2831
2836
2848
2883
2911
2920
2945
2949
2957
2959
2964
2984
3002
3006
3011
3015
3018
3023
3026
3035
3044
3048
3145
3151
3162
3179
3201
3203
3225
3229
3234
3329
3344
3350
3373
3439
3456
3498
3512
3513
3517
3531
3552
3557
3559
3566
3579
3602
3622
3633
3664
3676
3681
3704
3705
3719
3727
3739
3749
3756
3762
3789
3790
3804
3817
3839
3850
3851
3856
3865
3875
3891
3908
3917
3919
3944
3975
3990
4005
4006
4013
4014
4019
4038
4080
4081
4145
4181
4186
4198
4204
4207
4216
4265
4281
4293
4297
4335
4410
4421
4423
4447
4471
4489
4504
4510
4514
4544
4549
4560
4583
4594
4597
4615
4616
4625
4626
4645
4655
4680
4687
4710
4723
4734
4736
4748
4758
4786
4792
4799
4817
4833
4868
4919
4942
4960
4987
4992
4996
5000
5003
5015
5034
5052
5055
5068
5070
5072
5073
5077
5095
5104
5117
5129
5133
5150
5153
5156
5159
5173
5185
5206
5212
5218
5231
5250
5261
5268
5282
5328
5334
5342
5364
5369
5379
5381
5395
5411
5424
5435
5451
5486
5502
5512
5517
5520
5521
5569
5572
5587
5592
5617
5633
5638
5654
5664
5690
5704
5713
5719
5737
5739
5754
5768
5786
5790
5796
5817
5820
5828
5837
5871
5877
5882
5893
5912
5917
5940
5963
5972
5975
5987
5993
6004
6011
6017
6068
6073
6077
6090
6102
6115
6131
6148
6157
6182
6212
6215
6228
6236
6240
6286
6288
6315
6342
6358
6373
6376
6397
6421
6442
6451
6461
6462
6481
6482
6495
6507
6533
6543
6598
6617
6619
6628
6641
6662
6762
6778
6793
6824
6854
6860
6863
6904
6907
6920
6940
6963
6998
7030
7032
7033
7140
7145
7169
7171
7192
7196
7205
7209
7218
7219
7225
7237
7267
7268
7353
7371
7387
7411
7473
7487
7546
7549
7558
7574
7597
7600
7620
7651
7657
7724
7740
7747
7756
7759
7771
7772
7788
7809
7814
7819
7821
7849
7854
7937
7942
7949
7959
7978
7980
7983
7989
8066
8068
8079
8111
8116
8139
8144
8156
8195
8222
8251
8264
8288
8297
8341
8356
8362
8365
8386
8413
8419
8422
8541
8560
8564
8579
8596
8623
8655
8657
8662
8678
8684
8744
8754
8757
8759
8773
8774
8802
8811
8838
8851
8873
8877
8893
8906
8957
8970
8985
8997
9014
9018
9072
9075
9093
9111
9157
9171
9219
9224
9230
9235
9297
9301
9303
9309
9341
9369
9391
9395
9431
9454
9488
9504
9510
9520
9534
9570
9577
9587
9590
9598
9624
9625
9627
9637
9655
9665
9673
9679
9702
9704
9713
9718
9731
9760
9808
9811
9824
9853
9866
9877
9885
9889
9902
9903
9916
9919
9932
9959
9982
9985
9991
10002
10020
10030
10035
10038
10045
10047
10049
10076
10095
10099
10109
10203
10212
10228
10229
10256
10287
10302
10303
10312
10316
10319
10331
10346
10368
10385
10408
10430
10485
10522
10553
10556
10565
10569
10590
10599
10613
10628
10636
10643
10646
10647
10715
10737
10755
10758
10790
10807
10845
10861
10881
10891
10893
10911
10917
10948
10984
11031
11039
11050
11071
11078
11090
11096
11108
11115
11128
11174
11202
11212
11243
11258
11262
11270
11277
11294
11309
11324
11356
11363
11399
11403
11404
11451
11455
11470
11476
11480
11485
11514
11516
11538
11547
11558
11575
11584
11588
11597
11623
11624
11648
11681
11691
11699
11700
11709
11710
11731
11767
11782
11793
11794
11800
11809
11816
11824
11830
11834
11838
11857
11886
11902
11924
11952
11953
11965
12033
12041
12057
12061
12068
12103
12170
12184
12189
12193
12214
12216
12231
12240
12246
12249
