5
19
20
34
38
47
51
5
19
20
34
38
47
51
72
81
86
93
104
115
116
119
124
131
135
137
138
166
170
174
177
178
181
182
186
197
201
202
204
206
228
232
237
239
242
251
252
253
254
265
271
273
276
278
280
283
286
306
307
315
320
331
352
384
387
398
405
406
408
420
429
430
432
443
451
471
496
501
505
511
514
515
518
529
554
555
572
579
582
596
617
622
626
628
638
639
644
649
662
683
687
694
696
703
715
717
720
721
723
738
761
764
768
775
778
781
786
793
805
807
820
821
825
833
844
857
858
861
866
871
872
876
886
891
892
902
919
930
941
956
965
968
971
974
976
985
992
998
999
1004
1007
1043
1046
1049
1059
1068
1069
1071
1072
1075
1077
1093
1100
1108
1145
1146
1154
1167
1169
1188
1189
1191
1192
1201
1208
1216
1217
1223
1228
1235
1247
1251
1263
1267
1270
1277
1298
1299
1307
1309
1314
1329
1331
1333
1344
1347
1355
1363
1375
1384
1390
1403
1417
1426
1428
1432
1433
1442
1445
1454
1456
1465
1471
1472
1480
1481
1493
1500
1504
1506
1529
1531
1534
1539
1551
1554
1556
1569
1570
1572
1573
1579
1595
1599
1603
1622
1628
1629
1633
1635
1641
1646
1648
1659
1660
1662
1665
1675
1685
1686
1687
1688
1690
1694
1701
1711
1721
1762
1778
1785
1794
1800
1802
1810
1812
1815
1817
1823
1824
1847
1861
1870
1871
1880
1896
1904
1908
1909
1913
1931
1932
1935
1936
1940
1946
1949
1957
1972
1982
1985
1992
1996
2001
2004
2026
2028
2031
2036
2041
2043
2047
2048
2056
2059
2061
2067
2080
2094
2102
2105
2107
2110
2111
2116
2125
2130
2135
2136
2138
2144
2164
2166
2168
2182
2186
2191
2199
2205
2207
2209
2210
2211
2220
2225
2235
2241
2246
2253
2256
2259
2268
2278
2284
2295
2298
2304
2306
2307
2321
2337
2341
2357
2371
2379
2382
2402
2403
2405
2407
2411
2417
2427
2442
2444
2445
2447
2456
2465
2471
2477
2495
2496
2499
2501
2508
2509
2514
2523
2525
2534
2552
2556
2570
2577
2579
2592
2593
2595
2603
2624
2627
2649
2661
2663
2668
2669
2689
2697
2699
2705
2708
2724
2728
2734
2737
2745
2747
2753
2754
2762
2763
2769
2773
2780
2781
2803
2813
2815
2817
2820
2834
2851
2855
2860
2866
2884
2887
2889
2894
2896
2900
2907
2908
2911
2917
2927
2951
2969
2979
2981
2985
2995
3000
3001
3002
3005
3006
3008
3016
3022
3025
3029
3036
3042
3048
3049
3061
3062
3065
3066
3067
3076
3079
3082
3084
3096
3105
3111
3124
3130
3135
3138
3147
3158
3171
3187
3190
3202
3236
3247
3252
3253
3256
3269
3276
3279
3286
3291
3294
3295
3297
3298
3302
3306
3307
3331
3337
3341
3342
3346
3350
3354
3356
3358
3374
3380
3382
3401
3409
3410
3413
3415
3417
3423
3427
3434
3442
3444
3452
3483
3485
3500
3502
3505
3537
3540
3544
3550
3556
3557
3562
3576
3577
3586
3596
3610
3611
3618
3624
3636
3637
3646
3652
3653
3655
3664
3670
3673
3677
3689
3697
3698
3713
3718
3722
3729
3732
3735
3738
3741
3742
3746
3751
3752
3753
3767
3784
3785
3786
3787
3789
3792
3793
3806
3809
3814
3822
3823
3836
3841
3843
3847
3848
3855
3864
3868
3872
3888
3896
3902
3906
3920
3949
3951
3976
3990
3996
4005
4011
4014
4015
4016
4020
4023
4031
4033
4035
4036
4038
4044
4049
4058
4067
4069
4071
4075
4083
4085
4087
4095
4097
4108
4109
4113
4120
4137
4147
4149
4156
4162
4173
4177
4180
4187
4193
4196
4205
4209
4215
4216
4222
4224
4228
4230
4238
4240
4243
4262
4266
4269
4273
4274
4277
4278
4283
4303
4316
4330
4350
4353
4359
4362
4366
4379
4381
4382
4385
4388
4403
4409
4410
4416
4424
4427
4433
4437
4438
4439
4446
4459
4463
4465
4470
4493
4512
4516
4530
4541
4552
4555
4564
4565
4568
4570
4576
4579
4584
4595
4598
4602
4603
4608
4609
4624
4626
4634
4641
4644
4649
4653
4658
4662
4668
4674
4687
4697
4700
4701
4704
4705
4706
4709
4715
4734
4738
4742
4744
4752
4763
4771
4778
4795
4799
4800
4809
4810
4817
4821
4828
4837
4838
4841
4848
4849
4850
4853
4860
4868
4873
4881
4883
4890
4892
4897
4902
4904
4909
4915
4916
4919
4921
4929
4934
4941
4949
4951
4958
4963
4971
4976
4978
4980
4982
4993
5010
5013
5018
5019
5023
5025
5026
5030
5034
5053
5058
5060
5063
5077
5082
5091
5104
5116
5122
5125
5126
5128
5140
5145
5146
5152
5153
5172
5175
5176
5188
5211
5222
5232
5240
5244
5252
5264
5265
5266
5267
5269
5270
5276
5288
5293
5297
5302
5303
5306
5314
5327
5335
5343
5361
5367
5372
5374
5377
5379
5392
5399
5410
5411
5412
5413
5432
5445
5446
5476
5479
5483
5497
5499
5500
5514
5516
5518
5519
5527
5528
5542
5549
5564
5565
5575
5579
5582
5584
5590
5592
5610
5624
5625
5626
5637
5638
5640
5650
5653
5655
5659
5664
5665
5666
5673
5678
5682
5685
5688
5690
5693
5695
5719
5728
5729
5733
5747
5755
5760
5780
5781
5796
5804
5814
5816
5819
5824
5831
5837
5838
5847
5848
5851
5865
5869
5873
5874
5882
5887
5889
5898
5901
5907
5909
5911
5916
5928
5930
5946
5956
5958
5965
5966
5970
5974
5981
5984
5985
5993
5994
6003
6004
6008
6010
6012
6013
6019
6020
6025
6026
6028
6032
6050
6056
6059
6060
6074
6079
6080
6085
6089
6090
6091
6101
6102
6105
6113
6118
6121
6125
6126
6136
6141
6146
6159
6161
6164
6174
6185
6198
6203
6205
6208
6210
6214
6227
6236
6237
6245
6252
6254
6262
6268
6278
6283
6290
6300
6310
6313
6318
6323
6327
6336
6338
6339
6342
6356
6367
6368
6376
6380
6384
6388
6408
6409
6412
6414
6416
6428
6433
6438
6447
6448
6450
6453
6461
6465
6466
6476
6479
6480
6488
6524
6526
6533
6542
6546
6549
6553
6556
6557
6568
6570
6583
6592
6593
6594
6597
6599
6601
6603
6624
6628
6631
6632
6634
6636
6637
6643
6645
6646
6660
6663
6670
6674
6679
6686
6690
6694
6704
6708
6711
6713
6722
6733
6736
6744
6753
6761
6766
6776
6778
6782
6786
6791
6793
6796
6803
6805
6814
6831
6834
6849
6854
6855
6862
6863
6878
6880
6883
6889
6917
6926
6942
6951
6960
6966
6968
6969
6991
6992
6993
7007
7008
7012
7013
7014
7018
7038
7066
7071
7082
7090
7119
7121
7122
7124
7126
7133
7142
7149
7158
7162
7166
7170
7173
7177
7183
7184
7199
7200
7206
7210
7211
7215
7222
7224
7228
7233
7236
7242
7248
7252
7254
7255
7266
7267
7268
7269
7275
7277
7292
7300
7301
7304
7307
7311
7318
7321
7323
7324
7330
7336
7340
7351
7361
7364
7370
7378
7384
7386
7420
7436
7444
7446
7463
7464
7466
7472
7480
7483
7492
7504
7508
7513
7514
7519
7520
7525
7534
7535
7536
7538
7545
7550
7556
7561
7568
7574
7583
7592
7598
7599
7602
7644
7657
7664
7669
7670
7675
7681
7690
7710
7748
7758
7762
7770
7773
7776
7778
7780
7783
7789
7796
7799
7811
7817
7818
7838
7844
7849
7852
7857
7858
7859
7865
7866
7875
7876
7883
7892
7893
7908
7912
7913
7914
7919
7925
7927
7929
7931
7937
7938
7946
7954
7955
7956
7960
