0
2
4
6
7
10
11
12
17
19
21
22
26
29
30
31
32
35
39
40
41
43
45
46
49
51
53
54
55
59
61
62
63
66
67
68
70
71
72
75
77
79
80
82
83
85
88
89
91
92
94
95
97
98
102
104
106
107
108
110
111
116
118
119
121
122
123
124
125
128
129
130
131
132
133
135
139
140
141
142
143
145
146
150
153
155
158
160
162
166
167
168
170
173
174
176
177
178
180
181
186
187
188
191
192
195
196
197
198
199
200
201
203
205
206
207
208
211
215
216
219
221
222
226
227
228
230
231
232
233
234
235
236
237
240
241
243
244
245
248
249
252
253
256
257
258
259
261
262
263
264
267
268
269
270
271
273
277
278
279
280
281
282
283
286
288
289
290
294
295
297
298
301
302
304
305
307
309
310
311
313
317
318
319
320
321
322
324
325
326
327
328
331
332
333
334
335
336
338
339
345
351
354
356
360
361
362
365
367
368
369
371
372
373
374
381
382
383
384
385
386
388
389
392
394
395
398
399
404
405
406
407
408
409
410
411
412
413
414
415
417
418
419
422
423
424
425
426
427
429
430
431
432
433
435
436
438
439
440
441
443
444
445
448
449
451
452
453
456
459
461
462
463
464
465
466
467
468
470
471
474
475
476
477
478
479
482
483
485
488
489
490
491
493
495
496
498
499
500
501
503
504
505
508
509
513
515
517
520
522
523
525
526
527
528
529
531
536
537
538
539
540
541
545
547
551
552
554
555
558
559
560
562
563
565
567
569
572
573
574
575
578
579
581
582
583
584
586
587
588
590
596
597
600
601
602
603
606
607
608
609
610
611
612
613
615
616
617
620
625
626
629
631
634
635
636
637
641
642
643
646
647
650
651
652
656
658
659
662
663
664
665
666
668
670
671
672
678
679
681
682
683
686
687
691
696
697
698
699
701
706
709
710
711
712
714
716
719
720
721
723
725
730
733
734
736
739
740
742
745
746
751
752
754
755
756
757
758
760
761
763
764
767
770
771
772
773
775
776
777
778
783
785
786
788
790
795
797
802
805
806
807
810
811
814
815
816
817
821
822
823
824
825
826
827
829
830
831
833
834
835
836
837
839
840
841
843
844
846
847
848
852
854
855
856
857
858
861
862
864
869
871
872
874
876
877
878
879
880
882
884
885
886
887
888
890
891
895
896
897
900
901
902
903
906
907
908
910
911
912
913
914
915
916
917
918
920
935
938
939
940
941
942
943
944
946
947
948
951
952
953
954
956
957
958
960
961
962
965
967
968
970
971
972
975
976
978
980
981
982
984
985
987
988
992
993
994
996
998
999
1000
1001
1002
1003
1005
1006
1008
1010
1011
1012
1013
1014
1015
1016
1017
1018
1019
1021
1022
1029
1030
1031
1032
1034
1035
1038
1042
1044
1047
1048
1055
1057
1058
1059
1060
1061
1064
1065
1066
1067
1072
1073
1074
1075
1076
1078
1079
1080
1082
1084
1086
1087
1088
1089
1090
1093
1100
1101
1102
1104
1109
1110
1112
1117
1118
1119
1121
1123
1125
1126
1127
1128
1130
1132
1133
1134
1135
1136
1137
1138
1140
1141
1143
1146
1149
1150
1152
1153
1155
1156
1157
1158
1159
1160
1161
1162
1164
1165
1166
1168
1169
1170
1171
1172
1173
1177
1182
1183
1187
1188
1189
1191
1192
1193
1194
1195
1197
1200
1201
1202
1203
1206
1208
1211
1212
1213
1215
1216
1217
1219
1220
1221
1222
1224
1225
1226
1227
1228
1229
1231
1232
1233
1234
1235
1236
1237
1238
1239
1240
1241
1242
1243
1244
1246
1248
1250
1251
1252
1253
1254
1255
1258
1259
1261
1264
1266
1267
1268
1269
1270
1271
1273
1274
1277
1279
1280
1281
1282
1283
1286
1287
1288
1290
1291
1296
1298
1299
1300
1302
1305
1308
1311
1312
1314
1315
1316
1318
1319
1323
1324
1325
1329
1332
1334
1336
1337
1341
1342
1344
1348
1350
1351
1352
1354
1356
1357
1358
1359
1361
1362
1363
1364
1365
1366
1368
1370
1371
1376
1377
1380
1381
1385
1388
1390
1391
1393
1397
1398
1401
1402
1404
1406
1408
1409
1410
1411
1412
1416
1419
1421
1423
1424
1427
1428
1429
1430
1434
1436
1439
1440
1441
1444
1445
1450
1451
1453
1454
1455
1458
1459
1460
1462
1464
1466
1467
1468
1470
1471
1472
1473
1474
1475
1476
1477
1478
1479
1481
1482
1484
1485
1486
1487
1491
1493
1494
1495
1496
1498
1500
1501
1502
1503
1505
1507
1511
1512
1513
1520
1521
1522
1525
1526
1529
1531
1534
1535
1536
1537
1538
1539
1540
1541
1542
1543
1546
1549
1551
1552
1555
1556
1557
1558
1559
1565
1566
1567
1568
1572
1575
1578
1579
1580
1581
1582
1583
1584
1586
1587
1589
1591
1592
1593
1597
1598
1599
1600
1601
1602
1606
1607
1608
1609
1611
1614
1615
1616
1617
1618
1620
1621
1622
1625
1626
1630
1631
1634
1635
1636
1637
1640
1643
1644
1645
1649
1650
1651
1652
1654
1657
1658
1659
1660
1662
1665
1666
1667
1669
1670
1671
1672
1673
1675
1677
1678
1680
1681
1682
1687
1689
1690
1691
1693
1694
1696
1697
1700
1703
1704
1706
1707
1709
1713
1719
1720
1722
1723
1724
1725
1726
1728
1729
1731
1732
1734
1737
1740
1743
1744
1745
1747
1750
1751
1754
1756
1758
1759
1760
1761
1762
1768
1769
1770
1772
1773
1778
1779
1780
1781
1783
1784
1786
1788
1790
1792
1793
1794
1795
1797
1798
1799
1802
1803
1804
1805
1806
1807
1810
1811
1812
1816
1817
1818
1822
1823
1825
1828
1829
1830
1832
1833
1834
1835
1837
1838
1839
1840
1842
1843
1846
1848
1852
1854
1855
1857
1858
1859
1860
1863
1864
1866
1867
1869
1870
1871
1874
1876
1878
1881
1882
1884
1887
1888
1891
1893
1896
1899
1900
1901
1903
1904
1905
1907
1909
1912
1913
1914
1916
1917
1918
1919
1922
1927
1928
1930
1932
1935
1938
1943
1944
1945
1947
1951
1952
1953
1956
1957
1958
1964
1965
1966
1967
1970
1971
1972
1973
1974
1975
1978
1980
1983
1985
1987
1988
1989
1990
1992
1993
1995
1997
1998
1999
2000
2002
2003
2005
2009
2010
2013
2014
2016
2017
2018
2020
2021
2022
2023
2024
2025
2026
2029
2030
2031
2032
2033
2034
2036
2038
2040
2043
2044
2045
2048
2052
2053
2054
2055
2060
2061
2062
2063
2065
2067
2071
2072
2073
2074
2075
2078
2079
2080
2081
2082
2084
2085
2087
2092
2093
2094
2096
2101
2102
2103
2104
2105
2106
2107
2109
2110
2111
2114
2117
2118
2120
2123
2124
2126
2127
2128
2132
2133
2135
2136
2140
2142
2144
2145
2147
2150
2153
2154
2156
2157
2160
2161
2162
2164
2165
2166
2167
2168
2169
2170
2171
2172
2173
2174
2177
2179
2181
2183
2184
2186
2189
2190
2192
2193
2195
2198
2199
2202
2203
2205
2207
2213
2215
2216
2217
2219
2222
2226
2229
2230
2232
2236
2238
2239
2240
2248
2250
2251
2253
2255
2256
2257
2260
2261
2262
2263
2265
2268
2271
2272
2273
2275
2278
2279
2280
2281
2282
2285
2287
2294
2295
2296
2297
2298
2300
2301
2303
2304
2307
2308
2312
2314
2315
2317
2318
2321
2322
2323
2324
2326
2327
2328
2330
2331
2333
2334
2335
2336
2337
2339
2341
2343
2344
2345
2347
2348
2349
2350
2354
2355
2358
2360
2362
2363
2364
2365
2366
2367
2369
2370
2372
2373
2374
2375
2376
2377
2380
2385
2387
2389
2390
2391
2394
2395
2397
2401
2405
2406
2408
2411
2412
2413
2414
2416
2418
2419
2424
2425
2429
2430
2431
2432
2433
2435
2436
2437
2438
2439
2441
2443
2445
2446
2447
2448
2449
2453
2455
2456
2457
2458
2462
2463
2464
2465
2467
2468
2469
2470
2471
2473
2474
2475
2477
2478
2480
2481
2482
2487
2489
2491
2493
2495
2496
2498
2499
2500
2502
2503
2504
2506
2508
2511
2513
2517
2518
2519
2520
2521
2523
2526
2527
2529
2530
2531
2532
2535
2537
2538
2540
2543
2546
2548
2549
2550
2551
2552
2555
2556
2557
2558
2559
2560
2563
2566
2567
2568
2571
2572
2574
2578
2582
2583
2585
2586
2587
2588
2589
2590
2591
2592
2593
2594
2595
2597
2599
2600
2601
2602
2604
2607
2611
2612
2613
2614
2615
2616
2617
2618
2621
2623
2624
2625
2626
2628
2631
2633
2634
2636
2638
2643
2645
2646
2651
2654
2655
2656
2658
2659
2662
2663
2665
2667
2668
2670
2671
2672
2673
2674
2675
2677
2680
2681
2682
2683
2684
2685
2686
2687
2689
2691
2693
2696
2697
2698
2702
2703
2704
2708
2709
2714
2715
2717
2719
2721
2724
2726
2730
2731
2732
2734
2735
2736
2739
2742
2743
2744
2746
2749
2751
2752
2753
2754
2757
2759
2760
2762
2764
2765
2766
2767
2768
2769
2771
2772
2773
2777
2778
2779
2780
2781
2784
2787
2789
2790
2791
2792
2795
2796
2797
2798
2799
2800
2801
2804
2805
2806
2807
2812
2813
2815
2816
2817
2818
2820
2824
2825
2826
2827
2830
2831
2834
2835
2836
2837
2838
2840
2841
2842
2843
2846
2847
2848
2849
2850
2851
2853
2854
2856
2857
2859
2860
2861
2862
2863
2864
2865
2868
2871
2872
2875
2876
2878
2879
2880
2881
2882
2883
2884
2885
2886
2887
2888
2889
2890
2893
2897
2900
2901
2903
2904
2905
2906
2909
2910
2912
2913
2916
2917
2919
2922
2925
2929
2930
2933
2934
2937
2940
2941
2944
2945
2946
2948
2950
2951
2952
2953
2956
2957
2958
2961
2962
2963
2964
2965
2967
2968
2969
2972
2973
2975
2977
2978
2979
2980
2981
2982
2983
2984
2986
2988
2989
2990
2991
2993
2994
2995
2996
3000
3001
3003
3008
3009
3010
3011
3012
3017
3018
3019
3021
3022
3023
3025
3026
3027
3031
3032
3033
3034
3035
3036
3039
3042
3043
3044
3045
3046
3047
3048
3050
3051
3052
3055
3056
3057
3058
3061
3062
3064
3065
3066
3067
3070
3072
3073
3076
3077
3078
3079
3080
3081
3083
3085
3086
3089
3090
3091
3092
3093
3094
3095
3096
3097
3102
3105
3106
3109
3113
3117
3118
3121
3122
3123
3126
3128
3129
3132
3134
3135
3136
3137
3138
3139
3140
3142
3143
3144
3146
3147
3149
3150
3151
3152
3154
3155
3157
3159
3160
3161
3163
3164
3166
3167
3168
3170
3172
3175
3176
3182
3184
3187
3190
3191
3193
3195
3197
3202
3204
3206
3208
3209
3210
3212
3213
3215
3220
3221
3225
3226
3227
3228
3229
3233
3234
3235
3236
3237
3239
3240
3241
3242
3243
3245
3246
3247
3248
3251
3252
3256
3258
3259
3261
3266
3267
3270
3271
3272
3274
3275
3277
3278
3279
3281
3282
3288
3291
3292
3295
3296
3298
3299
3303
3306
3307
3308
3310
3312
3313
3315
3316
3317
3318
3319
3322
3323
3324
3327
3328
3330
3331
3333
3334
3335
3338
3339
3343
3345
3346
3348
3349
3351
3352
3355
3357
3359
3361
3362
3363
3367
3371
3373
3374
3376
3378
3379
3381
3382
3384
3385
3386
3388
3389
3390
3394
3396
3397
3400
3406
3407
3408
3410
3412
3413
3426
3428
3429
3430
3431
3432
3433
3434
3435
3436
3437
3438
3439
3441
3442
3444
3446
3447
3448
3449
3452
3453
3454
3455
3456
3459
3460
3461
3462
3463
3465
3468
3469
3470
3471
3473
3475
3476
3477
3478
3481
3484
3485
3486
3488
3489
3490
3491
3492
3493
3494
3496
3500
3501
3502
3503
3506
3509
3512
3514
3516
3517
3518
3519
3520
3521
3522
3523
3524
3525
3526
3528
3530
3531
3532
3535
3537
3539
3540
3541
3544
3549
3551
3553
3554
3555
3557
3559
3560
3561
3562
3563
3565
3568
3569
3571
3575
3577
3580
3581
3583
3584
3586
3587
